0	0.0	0.0
1	129.43301504422638	-180.87033514784636
2	243.2487782658748	12.218837569828201
3	170.67316438884458	10.857697334384728
4	-78.59040024006487	-204.78118617021624
5	292.13939848400014	2.945523613064997
6	-270.99982311072523	85.0265962796152
7	-78.75791482612918	192.79498803670654
8	-78.6824413137581	101.1211576886665
9	-92.5100840828758	20.1499725141541
10	131.33764771444118	231.8013733666859
11	-44.1876901136702	214.00450238222322
12	-9.412736895751339	215.9925012458348
13	96.40181799619216	-262.79010178554825
14	95.316897079938	39.32216829189051
15	-201.15220807219004	125.70499314815288
16	222.93901906094686	-182.80616133844129
17	-105.49786328879101	-28.112500709612775
18	-21.777618417810146	113.48839067338237
19	21.18150912712908	-95.43060396018204
20	170.38798651689362	-27.962022997080272
21	258.0460812481917	152.37841054810795
22	168.86210382834182	-241.206513223834
23	-168.48254501068	59.52838961603071
24	-100.06899600584434	-61.17143981113177
25	-196.78197959699577	-91.69646414053996
26	63.18484340501367	249.02089020273928
27	-148.4107966166861	49.791833996384334
28	-171.35724391248058	100.85090957451719
29	-190.90128049270734	-137.76633721766046
30	69.95273073783551	-139.7369268712102
31	-94.83163213685759	36.600910139414445
32	111.5864745869339	244.89991346426325
33	99.22223809782794	-279.9485573525524
34	58.64705018849756	107.50837705026662
35	-256.0142844197115	133.65801249422094
36	-76.03266861110889	71.44026046350072
37	98.75293135718205	260.7571100654403
38	-201.79282799299398	-110.17481148549314
39	-58.1274457958503	223.04026739622535
40	93.01994138891756	-129.46444877079915
41	-210.48919674296008	-209.0187752127057
42	258.9779327797214	53.3795079116404
43	91.54869391463538	205.16069847036925
44	51.05680488885441	-219.6641232742846
45	16.008724744112385	161.06531264198486
46	89.1790749586599	-12.087702378460245
47	38.030807065887686	64.74926673555433
48	-136.6428250831826	-39.866704653657195
49	211.63744573169183	163.47202045974538
50	-216.01272437612832	-129.75021151364493
51	37.912133133789396	-47.09011328321529
52	32.13415010442202	-18.524089692088204
53	-252.66829657585927	-37.844973778728324
54	29.415235898731392	-206.3638529821225
55	-223.84267014854439	190.41518772451047
56	194.9402063107273	84.9515943835545
57	-102.03321511363049	94.40730203505568
58	-212.32033530732576	-4.717077466156347
59	101.70031615866566	-244.378929206599
60	-70.5212019915663	256.0827344905858
61	286.8845571995835	78.35349751745123
62	-43.379592410107925	-96.12640356000031
63	-96.71669798566946	148.41692162159862
64	154.6378399794816	-4.101614309490812
65	-127.69523539765702	-265.04576987649466
66	-237.45453028822104	44.25305452588969
67	-50.4362515542953	-9.033654555318304
68	116.40366392532854	-60.18034727510497
69	57.81938276875857	-37.77055995192263
70	-149.3905195707762	-162.48693465879484
71	-80.96696597170806	50.86853475078501
72	225.55626818923847	-111.23543053480229
73	-93.58863574902388	-85.05750164515213
74	32.65991887597271	-134.91589614350644
75	-287.7426537827334	52.7717922440845
76	118.69493986186276	23.321216312782713
77	43.502765060850685	145.62986358561704
78	-1.3488810774131708	174.126192576906
79	-264.8778118722448	-96.9409921085732
80	-195.97998041443455	-188.00009465674427
81	129.47723515986868	76.7065561472176
82	44.95798002469328	191.5556745004837
83	-8.526643115477171	-104.84684274644987
84	-84.59209360389654	-165.85158534649926
85	-62.11162444498215	-267.3407604581012
86	-150.32635168898767	-10.351536257117331
87	248.95142186917496	-122.95472683351915
88	-241.27184560935734	-98.68888480889083
89	-66.70074976824702	-104.03790562412495
90	277.497003126295	-85.7625849109249
91	129.40176921516453	-222.69886712218454
92	-112.50240655672452	-138.38560575908681
93	-77.38274634787365	-151.1745885969862
94	-153.55200196298844	-127.37056947613519
95	175.579600650429	139.567053642962
96	-36.641848020057445	-228.68530137373776
97	118.16954967379266	-146.28716960322495
98	20.17840174856153	-162.03390290391823
99	241.50020310620204	-175.18397306262028
100	260.32913016786136	80.20783530902163
101	240.93789719104683	-25.51872599820233
102	53.130837895302236	290.19488603475827
103	161.73250350437667	59.06701654443467
104	-16.486067212981144	1.1791251829923501
105	-129.853987834088	-197.47357027024313
106	237.91987630793008	162.08599038009513
107	-151.52261814236022	-43.588226919820045
108	-228.75423498313893	-191.8270677161836
109	189.850523348249	178.6949715961259
110	279.63795834967	11.897061109738065
111	-33.62088652233026	-208.51512775280042
112	-173.15616954325483	165.57531729176193
113	271.0308151023813	104.57423991422498
114	-208.45057743048199	75.30527060243857
115	96.04915463423394	-40.44519032547907
116	106.38209279852215	-215.1412694663379
117	-101.35510692791645	-183.82759989686272
118	-222.2718550407142	49.59882328227328
119	-50.86377471534321	102.6236313714461
120	251.9475293949977	-158.635788395408
121	-19.931533982664376	24.55156592660911
122	-12.311911615655298	-67.24281842493137
123	-77.49398882310511	-87.3770544729836
124	-226.6140125013935	160.5674775620109
125	-202.5354221352896	-44.32859731910471
126	-106.53912101910419	184.9863749813081
127	36.41154769692552	215.48032879220747
128	-242.1559117990589	-115.84288958198634
129	-142.33238138082234	-107.05282038814255
130	67.10072948338448	65.49224794038422
131	-148.33592689857753	-80.54337766823231
132	-271.6769226628615	45.98302654149711
133	233.4222398351524	-58.503810223793586
134	187.21126357873482	-106.73116095408206
135	-105.86331940960278	-242.5296848377292
136	-219.5475176545728	-96.73282859611446
137	-100.76722634038602	-258.6986602882933
138	128.2647655544801	-206.5642602947737
139	-135.4100131473892	-68.73264229061387
140	-120.47370014086053	-233.0050444295751
141	19.052449862287798	0.6782270259457482
142	-166.05720758717382	-32.179954597737535
143	257.4987106175219	-23.245034694284573
144	30.041438078292305	-279.18279695525746
145	239.3087988919946	92.30481313253712
146	-224.40284306430576	-176.47786026693979
147	227.59752587670013	-141.1840584454661
148	-228.60182728242282	4.7273396698779075
149	74.34097282928471	-118.4673307930324
150	88.3079993734969	-218.4551234544541
151	-245.68490003652965	-66.85675655613487
152	75.57738802840944	-78.54689602601825
153	-20.101791085522443	-269.7888059310371
154	-117.97400832305651	-18.618594792531
155	-62.945924315411325	93.14680469097478
156	-7.35690415306798	103.77639537587078
157	-6.922344923185219	254.12589206662125
158	-157.20510340314405	36.17554394807905
159	101.85676428644001	1.8212416132974716
160	79.1468267235518	-192.84906103271058
161	220.192117352921	-40.90023066546116
162	60.35694903322824	265.6130026885205
163	191.78777226498107	50.44131507571044
164	155.41781406482	-168.94395237994078
165	-90.64379436045883	216.70487488615146
166	11.657889527712321	199.4159525808642
167	-278.1409182278664	-78.81928274216426
168	248.37128359115198	-66.84963618110278
169	272.3883821909154	29.52440198698424
170	83.36349921759542	66.95544084696
171	-119.46367859871413	-105.49661417184187
172	64.08200612756305	44.578274867380934
173	17.65949669667359	-291.0052727631574
174	-214.05821063527605	98.334802188637
175	162.99206158598824	200.5658890584848
176	-42.65520335652614	-27.812559095310295
177	-97.98029407478427	264.84367361479053
178	159.49551676535444	-127.17867099138036
179	-219.2850381594727	33.06375749522995
180	-85.07048616077773	-38.89778748481792
181	134.53143615756167	106.09361502922498
182	-160.85169209589338	-92.96440582085071
183	10.777092017968048	222.61077160578702
184	200.76587347089705	-152.25070774118421
185	76.16590493307076	-254.19491144794452
186	149.38445594025924	154.0188292485409
187	-32.69268908470178	232.5734519935878
188	-149.0073970987721	232.2478496607668
189	-181.50934142278484	122.64533844354337
190	-126.62616255488653	-145.1202641225357
191	206.3839626070941	-209.53769140394746
192	-108.77318385672774	231.45240218931178
193	200.68529653147704	32.048638279951135
194	-9.321095475248622	86.69569385454436
195	15.169684504312235	30.563890616488244
196	174.54065044865064	114.88581321939463
197	-224.22929261282908	-47.92778995814381
198	-151.23697067988135	115.6127786312807
199	70.74817309692381	-268.2024333091444
200	248.25483366199833	139.14936962454846
201	-170.16644626427737	-154.4691855708704
202	166.4803049076361	244.5491816365105
203	126.37784623838215	164.01601344865006
204	163.92484702764887	26.39695034320161
205	-196.4307784223299	41.31602520563634
206	-9.79282895993734	-210.1374496998102
207	79.98390772607098	155.20559074380327
208	109.39495047964498	276.8608909329949
209	49.41685532110923	-175.30462516271405
210	-166.9837421962942	147.6449730848812
211	-173.74564018165884	23.143492892739005
212	-29.040733774834255	89.83409892093022
213	147.2942698780636	-109.5690218886001
214	-52.112127161629985	75.64315925562939
215	159.83535956473108	-144.65869673075372
216	-126.0903365790833	64.38974148551986
217	60.18221414358031	-58.07969442120003
218	-80.84656098099254	159.90717347496334
219	227.45527602657887	-85.39039064554905
220	197.31116782540317	218.94728262730212
221	-85.45276604908216	137.70527367299002
222	127.36590367154811	137.47337563753555
223	137.654414246821	47.75494556840797
224	38.178105607273295	-72.2757781075319
225	-70.64083462416579	-254.47652006304898
226	231.11372874657255	29.562829843896825
227	-200.1055766130304	191.9648730726529
228	11.810951911875922	-220.042864666107
229	78.78548500926651	-26.076872665093845
230	75.43175911138228	-2.7540043515361994
231	-176.83478842631882	-55.979972446041955
232	202.03669687785217	110.1509092422803
233	-79.65564076349342	-117.89342245799496
234	-221.2761710265501	-21.789844421879923
235	238.01319857232238	121.45154873247519
236	-242.9861511952553	-16.424037247998427
237	-55.45203941374644	272.501551615539
238	187.98730164010954	-205.43586917703246
239	155.956982252969	-20.377876835534238
240	-184.57285783897947	-79.23234415931435
241	-68.03600336550717	-233.50941724895532
242	-115.13185900543947	264.6012639763009
243	38.40274308527606	252.66400187096744
244	239.93568234600255	-41.08649275462731
245	41.740788842679635	-93.51388116064912
246	202.71443058965434	70.25995251658308
247	-197.174724643662	-165.05853480258693
248	-215.94944856353013	-163.74903721456158
249	227.42327417810284	-7.263308657192391
250	223.4674394699231	91.10817409075165
251	-57.03570454898756	-47.78257069474223
252	216.617824056941	-62.40428975621513
253	-89.01917571958072	-275.8779742244874
254	111.85064763520272	-160.46242602921788
255	-29.650557759997017	41.63708010911578
256	-45.96687530724868	-68.26249810712409
257	177.6365675797175	-57.50218598934018
258	72.61978067679604	-210.4149510818287
259	-22.511869090060937	-80.67649539527919
260	169.79084984142682	-84.6907331024851
261	199.47209075621691	11.474445868193362
262	-61.927420349723654	-147.13417313089099
263	-141.84735256050035	176.01336170347045
264	-189.99998865341294	165.1730093174329
265	-25.304754665336567	156.37271055824846
266	124.63629121626467	120.50538368224974
267	-204.1717840372026	-59.53065977893832
268	-177.54915396094898	-2.361994656972068
269	58.65915295028495	-124.55603991931287
270	-5.455767940038486	38.60742441801583
271	12.203016128897323	-175.30152932553355
272	-107.96938399073574	9.15019947536642
273	114.69387213933786	-230.5895413083098
274	237.11311295282056	57.74459452063756
275	-89.29978349306127	-5.359128253290538
276	-127.89725121570065	42.66183622938213
277	-256.9631107943433	71.94580599984835
278	0.2792472933302402	239.7470718498283
279	-123.01143870914001	201.43513255033378
280	111.08276686222477	220.2334280556467
281	-26.916779233489233	280.57470683715593
282	-36.78835818107773	-111.46170107041071
283	-45.31930704007825	59.83676436311932
284	-56.0432862751182	12.086667427868187
285	-34.66793196280693	-131.84651540809298
286	208.2447019150734	-190.3271490993518
287	110.19210187195097	74.03116326731089
288	-190.0518517702617	-216.37613897876975
289	-181.08824231151718	210.61450987661442
290	96.64586627934119	-188.3354584360343
291	-191.99379487706142	2.288257152732103
292	-88.02821346369045	244.58873069886738
293	219.11288576964708	58.33752251997942
294	-10.399818254590874	63.95450919847141
295	183.79071417839788	-19.72362659696711
296	113.30583760040216	-45.50099332132557
297	209.93116285995225	131.62438854178993
298	-213.4467057840061	-76.6149721879815
299	135.84761115598437	-137.6335264461052
